0,
0,
0,
0,
0,
0,
0,
0,
0,
0,
0,
0,
60,
0,
0,
0,
0,
0,
0,
0,
0,
0,
0,
0,
1,
0,
0,
0,
40,
0,
0,
0,
65,
0,
108,
0,
108,
0,
111,
0,
99,
0,
97,
0,
116,
0,
105,
0,
111,
0,
110,
0,
32,
0,
116,
0,
111,
0,
111,
0,
32,
0,
108,
0,
97,
0,
114,
0,
103,
0,
101,
0,
0,
0,
0,
0,
60,
0,
0,
0,
0,
0,
0,
0,
0,
0,
0,
0,
1,
0,
0,
0,
30,
0,
0,
0,
126,
0,
108,
0,
105,
0,
98,
0,
47,
0,
114,
0,
116,
0,
47,
0,
115,
0,
116,
0,
117,
0,
98,
0,
46,
0,
116,
0,
115,
0,
0,
0,
0,
0,
0,
0,
0,
0,
0,
0,
0,
0,
0,
0,
60,
0,
0,
0,
0,
0,
0,
0,
0,
0,
0,
0,
1,
0,
0,
0,
36,
0,
0,
0,
73,
0,
110,
0,
100,
0,
101,
0,
120,
0,
32,
0,
111,
0,
117,
0,
116,
0,
32,
0,
111,
0,
102,
0,
32,
0,
114,
0,
97,
0,
110,
0,
103,
0,
101,
0,
0,
0,
0,
0,
0,
0,
0,
0,
60,
0,
0,
0,
0,
0,
0,
0,
0,
0,
0,
0,
1,
0,
0,
0,
36,
0,
0,
0,
126,
0,
108,
0,
105,
0,
98,
0,
47,
0,
116,
0,
121,
0,
112,
0,
101,
0,
100,
0,
97,
0,
114,
0,
114,
0,
97,
0,
121,
0,
46,
0,
116,
0,
115,
0,
0,
0,
0,
0,
0,
0,
0,
0,
44,
0,
0,
0,
0,
0,
0,
0,
0,
0,
0,
0,
1,
0,
0,
0,
28,
0,
0,
0,
73,
0,
110,
0,
118,
0,
97,
0,
108,
0,
105,
0,
100,
0,
32,
0,
108,
0,
101,
0,
110,
0,
103,
0,
116,
0,
104,
0,
44,
0,
0,
0,
0,
0,
0,
0,
0,
0,
0,
0,
1,
0,
0,
0,
28,
0,
0,
0,
126,
0,
108,
0,
105,
0,
98,
0,
47,
0,
115,
0,
116,
0,
114,
0,
105,
0,
110,
0,
103,
0,
46,
0,
116,
0,
115,
0,
28,
0,
0,
0,
0,
0,
0,
0,
0,
0,
0,
0,
1,
0,
0,
0,
0,
0,
0,
0,
0,
0,
0,
0,
0,
0,
0,
0,
0,
0,
0,
0,
60,
0,
0,
0,
0,
0,
0,
0,
0,
0,
0,
0,
1,
0,
0,
0,
38,
0,
0,
0,
126,
0,
108,
0,
105,
0,
98,
0,
47,
0,
97,
0,
114,
0,
114,
0,
97,
0,
121,
0,
98,
0,
117,
0,
102,
0,
102,
0,
101,
0,
114,
0,
46,
0,
116,
0,
115,
0,
0,
0,
0,
0,
0,
0,
28,
0,
0,
0,
0,
0,
0,
0,
0,
0,
0,
0,
1,
0,
0,
0,
2,
0,
0,
0,
54,
0,
0,
0,
0,
0,
0,
0,
0,
0,
0,
0,
28,
0,
0,
0,
0,
0,
0,
0,
0,
0,
0,
0,
1,
0,
0,
0,
2,
0,
0,
0,
55,
0,
0,
0,
0,
0,
0,
0,
0,
0,
0,
0,
28,
0,
0,
0,
0,
0,
0,
0,
0,
0,
0,
0,
1,
0,
0,
0,
2,
0,
0,
0,
56,
0,
0,
0,
0,
0,
0,
0,
0,
0,
0,
0,
28,
0,
0,
0,
0,
0,
0,
0,
0,
0,
0,
0,
1,
0,
0,
0,
2,
0,
0,
0,
57,
0,
0,
0,
0,
0,
0,
0,
0,
0,
0,
0,
44,
0,
0,
0,
0,
0,
0,
0,
0,
0,
0,
0,
0,
0,
0,
0,
16,
0,
0,
0,
224,
1,
0,
0,
0,
2,
0,
0,
32,
2,
0,
0,
64,
2,
0,
0,
0,
0,
0,
0,
0,
0,
0,
0,
0,
0,
0,
0,
0,
0,
0,
0,
7,
0,
0,
0,
32,
0,
0,
0,
0,
0,
0,
0,
32,
0,
0,
0,
0,
0,
0,
0,
0,
0,
0,
0,
0,
0,
0,
0,
65,
0,
0,
0,
2,
0,
0,
0,
2,
65,
0,
0,
0,
0,
0,
0,
32,
0,
0,
0,
0,
0,
0,
0,
2,
9,
0,
0,
0,
0,
0,
0,
28,
39,
0,
0,
18,
0,
0,
0,
0,
0,
0,
0,
0,
0,
0,
0,
1,
0,
0,
0,
2,
0,
0,
0,
49,
0,
18,
0,
0,
0,
0,
0,
0,
0,
0,
0,
0,
0,
1,
0,
0,
0,
2,
0,
0,
0,
50,
0,
18,
0,
0,
0,
0,
0,
0,
0,
0,
0,
0,
0,
1,
0,
0,
0,
2,
0,
0,
0,
51,
0,
18,
0,
0,
0,
0,
0,
0,
0,
0,
0,
0,
0,
1,
0,
0,
0,
2,
0,
0,
0,
52,
0,
60,
0,
0,
0,
0,
0,
0,
0,
0,
0,
0,
0,
0,
0,
0,
0,
16,
0,
0,
0,
212,
2,
0,
0,
234,
2,
0,
0,
0,
3,
0,
0,
22,
3,
0,
0,
0,
0,
0,
0,
0,
0,
0,
0,
0,
0,
0,
0,
0,
0,
0,
0,
0,
0,
0,
0,
0,
0,
0,
0,
0,
0,
0,
0,
32,
0,
0,
0,
0,
0,
0,
0,
0,
0,
0,
0,
4,
0,
0,
0,
16,
0,
0,
0,
44,
3,
0,
0,
44,
3,
0,
0,
4,
0,
0,
0,
4,
0,
0,
0,
0,
0,
0,
0,
0,
0,
0,
0,
0,
0,
0,
0,
0,
0,
0,
0,
0,
0,
0,
0,
0,
0,
0,
0,
0,
0,
0,
0,
0,
0,
0,
0,
0,
0,
0,
0,
0,
0,
0,
0,
0,
0,
0,
0,
0,
0,
0,
0,
0,
0,
0,
0,
0,
0,
0,
0,
0,
0,
0,
0,
0,
0,
0,
0,
0,
0,
0,
0,
0,
0,
0,
0,
0,
0,
0,
0,
0,
0,
0,
0,
0,
0,
0,
0,
0,
0,
0,
0,
0,
0,
0,
0,
0,
0,
0,
0,
0,
0,
0,
0,
0,
0,
0,
0,
0,
0,
0,
0
